{
    "loadshapes": {
        "Default": {
            "npts": "24",
            "mult": "[0.4, 0.3, 0.2, 0.2, 0.2, 0.2, 0.3, 0.5, 0.6, 0.7, 0.7, 0.8, 0.7, 0.7, 0.8, 0.8, 0.8, 1.0, 1.0, 1.0, 1.0, 0.9, 0.7, 0.5]",
            "interval": "1",
            "interval_unit": "h",
            "hour": "",
            "useactual": "False",
            "csv_file": "False",
            "csv_path": "",
            "headers": "True",
            "column": "1"
        }
    },
    "linecodes": {
        "Default": {
            "mode": "symmetrical",
            "r1": "0.1903",
            "r0": "0.5853",
            "x1": "0.3957",
            "x0": "1.3278",
            "c1": "11.155",
            "c0": "5.2493"
        },
        "CONFIG_601": {
            "nphases": "3",
            "rmatrix": "[0.2153 0.0936 0.0982 | 0.0936 0.2097 0.0954 | 0.0982 0.0954 0.2121]",
            "xmatrix": "[0.6325 0.3117 0.0982 | 0.3117 0.6511 0.2392 | 0.0982 0.2392 0.643]",
            "cmatrix": "[10.3836 -3.2896 -2.076 | -3.2896 9.823 -1.2225 | -2.076 -1.2225 9.2938]",
            "mode": "matrix"
        },
        "CONFIG_602": {
            "nphases": "3",
            "rmatrix": "[0.4676 0.0982 0.0969 | 0.0982 0.4345 0.0954 | 0.0969 0.0954 0.4621]",
            "xmatrix": "[0.7341 0.2632 0.3117 | 0.2632 0.7446 0.2392 | 0.3117 0.2392 0.7526]",
            "cmatrix": "[9.3933 -1.7829 -2.7864 | -1.7829 8.5371 -1.0859 | -2.7864 -1.0859 8.9411]",
            "mode": "matrix"
        },
        "CONFIG_603": {
            "nphases": "2",
            "rmatrix": "[0.8261 0.1284 | 0.1284 0.8226]",
            "xmatrix": "[0.8371 0.2853 | 0.2853 0.8431]",
            "cmatrix": "[7.7627 -1.4833 | -1.4833 7.6904]",
            "mode": "matrix"
        },
        "CONFIG_604": {
            "nphases": "2",
            "rmatrix": "[0.8226 0.1284 | 0.1284 0.8261]",
            "xmatrix": "[0.8431 0.2853 | 0.2853 0.8371]",
            "cmatrix": "[7.6904 -1.4833 | -1.4833 7.7627]",
            "mode": "matrix"
        },
        "CONFIG_605": {
            "nphases": "1",
            "rmatrix": "[0.8259]",
            "xmatrix": "[0.8373]",
            "cmatrix": "[7.4489]",
            "mode": "matrix"
        },
        "CONFIG_606": {
            "nphases": "3",
            "rmatrix": "[0.496 0.1983 0.177 | 0.1983 0.4903 0.1983 | 0.177 0.1983 0.496]",
            "xmatrix": "[0.2773 0.0204 -0.0089 | 0.0204 0.2511 0.0204 | -0.0089 0.0204 0.2773]",
            "cmatrix": "[159.6977 0.0 0.0 | 0.0 159.6977 0.0 | 0.0 0.0 159.6977]",
            "mode": "matrix"
        },
        "CONFIG_607": {
            "nphases": "1",
            "rmatrix": "[0.8343]",
            "xmatrix": "[0.3184]",
            "cmatrix": "[148.3273]",
            "mode": "matrix"
        }
    }
}